Cluster 1: [5, 6, 16, 23, 30, 36, 37, 49, 54, 66, 67, 72, 75, 78, 79, 87, 88, 99, 102, 106, 107, 114, 122, 124, 126, 132, 138, 142, 145, 157, 164, 174, 176, 179]
Cluster 1: [5, 12, 13, 18, 25, 40, 56]
Cluster 2: [3, 4, 17, 18, 25, 26, 43, 44, 45, 47, 50, 52, 53, 57, 64, 70, 91, 92, 104, 112, 120, 123, 129, 134, 139, 155, 159, 161, 170, 171, 172, 178]
Cluster 2: [1, 6, 14, 19, 31, 34, 36, 38, 51]
Cluster 3: [9, 12, 13, 32, 39, 46, 48, 68, 77, 85, 105, 111, 113, 115, 119, 140, 143, 147, 148, 151, 152, 153, 154, 173]
Cluster 3: [3, 8, 11, 20, 22, 30, 32, 33, 37, 41, 44, 46, 47, 49]
Cluster 4: [7, 8, 24, 33, 34, 35, 38, 40, 51, 59, 61, 76, 80, 84, 89, 100, 103, 116, 117, 118, 125, 130, 131, 133, 137, 158, 165, 167]
Cluster 4: [4, 17, 21, 23, 24, 27, 35, 45, 50, 53, 60]
Cluster 5: [20, 21, 41, 58, 63, 71, 74, 82, 90, 93, 95, 98, 101, 108, 121, 127, 135, 144, 146, 156, 162, 168, 169, 175]
Cluster 5: [7, 16, 28, 29, 39, 54, 57, 58, 59]
Cluster 6: [1, 2, 10, 11, 14, 15, 19, 22, 27, 28, 29, 31, 42, 55, 56, 60, 62, 65, 69, 73, 81, 83, 86, 94, 96, 97, 109, 110, 128, 136, 141, 149, 150, 160, 163, 166, 177, 180]
Cluster 6: [2, 9, 10, 15, 26, 42, 43, 48, 52, 55]
