Cluster 1: [7, 13, 27, 39, 68, 105, 111, 113, 115, 128, 130, 149, 152, 158]
Cluster 1: [2, 20, 24, 33, 37, 41, 43, 53, 60]
Cluster 2: [18, 20, 31, 43, 46, 55, 56, 57, 62, 64, 89, 110, 112, 118, 127, 139, 151, 155, 177]
Cluster 2: [19, 22, 31, 48, 51]
Cluster 3: [3, 14, 25, 26, 47, 54, 60, 73, 75, 86, 97, 104, 117, 120, 129, 132, 138, 141, 161, 172, 178]
Cluster 3: [1, 3, 9, 14, 34, 35, 36, 45]
Cluster 4: [9, 32, 49, 50, 53, 63, 72, 74, 82, 88, 108, 121, 140, 142, 146, 156, 163, 169, 175, 179]
Cluster 4: [7, 15, 16, 38, 39, 47, 49, 54]
Cluster 5: [5, 6, 10, 12, 16, 30, 36, 37, 42, 45, 66, 67, 78, 79, 87, 91, 92, 99, 106, 107, 114, 122, 126, 145, 157, 162, 164, 168, 171, 174, 176]
Cluster 5: [13, 18, 25, 32, 40, 56, 58, 59]
Cluster 6: [11, 15, 21, 41, 58, 71, 76, 90, 93, 95, 116, 124, 125, 135, 136, 137, 144, 167]
Cluster 6: [17, 23, 29, 57]
Cluster 7: [8, 22, 23, 24, 33, 34, 38, 40, 51, 59, 61, 70, 80, 84, 100, 103, 131, 133, 147, 159, 165, 180]
Cluster 7: [4, 5, 6, 12, 21, 27, 50]
Cluster 8: [2, 4, 17, 19, 29, 44, 52, 69, 81, 83, 96, 98, 101, 109, 123, 134, 150, 160, 166, 170]
Cluster 8: [8, 10, 28, 42, 44]
Cluster 9: [1, 28, 35, 48, 65, 77, 85, 94, 102, 119, 143, 148, 153, 154, 173]
Cluster 9: [11, 26, 30, 46, 52, 55]
