Individual Cluster 0: [0, 82, 91, 113]
Individual Cluster 1: [5, 6, 7, 13, 16, 18, 19, 22, 40, 42, 43, 46, 52, 54, 66, 73, 76, 80, 84, 93, 95, 98, 112, 119, 129, 132, 137, 138, 139, 152, 168, 173]
Individual Cluster 2: [15, 39, 45, 67, 90, 105, 154]
Individual Cluster 3: [9, 11, 17, 28, 34, 35, 44, 49, 50, 60, 64, 77, 78, 79, 87, 94, 111, 115, 118, 120, 125, 148, 151, 165, 179]
Individual Cluster 4: [2, 3, 4, 14, 21, 26, 27, 53, 61, 63, 75, 88, 89, 92, 96, 101, 106, 114, 116, 135, 136, 149, 156, 157, 160, 161, 164]
Individual Cluster 5: [58, 69, 81, 103, 104, 109, 130, 142, 143, 145, 174, 177]
Individual Cluster 6: [36, 72, 74, 124, 127, 133, 163, 170, 171]
Individual Cluster 7: [8, 20, 23, 24, 29, 30, 31, 32, 33, 38, 48, 51, 56, 57, 59, 62, 71, 83, 85, 97, 99, 100, 102, 108, 117, 122, 123, 131, 140, 141, 146, 147, 159, 162, 167, 172, 175, 176]
Individual Cluster 8: [1, 10, 12, 25, 37, 41, 47, 55, 65, 68, 70, 86, 107, 110, 121, 126, 128, 134, 144, 150, 153, 155, 158, 166, 169, 178]
Feature Cluster 0: [318, 341, 405, 413, 460, 485, 501, 509, 533, 557, 573, 580, 581, 597, 621, 628, 629, 645, 652, 653, 654, 669, 676, 677, 678, 693, 700, 701, 717, 724, 725, 726, 741, 748, 749, 750, 765, 772, 773, 774, 789, 796, 797, 813, 820, 821, 837, 844, 845, 861, 868, 869, 870, 885, 892, 893, 894, 909, 916, 917, 918, 933, 940, 941, 942, 957, 964, 965, 966, 981, 988, 989, 990, 1005, 1012, 1013, 1014, 1029, 1036, 1037, 1038, 1053, 1061, 1062, 1077, 1085, 1086, 1101, 1108, 1109, 1110, 1125, 1132, 1133, 1134, 1149, 1156, 1157, 1158, 1173, 1180, 1181, 1197, 1204, 1205, 1221, 1228, 1229, 1245, 1252, 1253, 1254, 1269, 1276, 1277, 1278, 1293, 1300, 1301, 1302, 1317, 1324, 1325, 1326, 1341, 1348, 1349, 1350, 1365, 1372, 1373, 1374, 1389, 1396, 1397, 1398, 1413, 1420, 1421, 1422, 1437, 1444, 1445, 1446, 1461, 1468, 1469, 1470, 1485, 1492, 1493, 1509, 1516, 1517, 1533, 1541, 1557, 1565, 1566, 1581, 1589, 1613, 1637, 1653, 1660, 1661, 1662, 1677, 1684, 1685, 1686, 1701, 1708, 1709, 1710, 1725, 1732, 1733, 1734, 1749, 1756, 1757, 1773, 1780, 1781, 1782, 1797, 1804, 1805, 1806, 1821, 1828, 1829, 1830, 1845, 1852, 1853, 1854, 1869, 1876, 1877, 1878, 1893, 1900, 1901, 1902, 1917, 1920, 1924, 1925, 1926, 1941, 1948, 1949, 1950, 1965, 1972, 1973, 1974, 1989, 1992, 1996, 1997, 1998, 2013, 2020, 2021, 2022, 2037, 2044, 2045, 2046, 2061, 2068, 2069, 2070, 2085, 2092, 2093, 2094, 2109, 2116, 2117, 2118, 2133, 2140, 2141, 2142, 2157, 2164, 2165, 2166, 2170, 2181, 2188, 2189, 2190, 2205, 2212, 2213, 2214, 2229, 2236, 2237, 2238, 2253, 2260, 2261, 2277, 2284, 2285, 2286, 2301, 2308, 2309, 2325, 2332, 2333, 2334, 2349, 2356, 2357, 2358, 2373, 2380, 2381, 2382, 2397, 2404, 2405, 2406, 2421, 2428, 2429, 2445, 2452, 2453, 2469, 2476, 2477, 2478, 2493, 2500, 2501, 2502, 2517, 2524, 2525, 2526, 2541, 2548, 2549, 2550, 2565, 2573, 2574, 2589, 2597, 2613, 2621, 2637, 2644, 2645, 2646, 2661, 2669, 2685, 2692, 2693, 2694, 2709, 2712, 2717, 2718, 2733, 2741, 2742, 2757, 2764, 2765, 2766, 2781, 2788, 2789, 2790, 2805, 2808, 2812, 2813, 2814, 2829, 2837, 2838, 2853, 2860, 2861, 2862, 2877]
Feature Cluster 1: [8, 9, 20, 32, 44, 46, 56, 80, 90, 92, 104, 105, 114, 128, 129, 138, 152, 153, 162, 163, 166, 176, 177, 186, 188, 200, 201, 225, 234, 236, 248, 272, 297, 320, 344, 345, 354, 369, 392, 465, 474, 478, 488, 489, 512, 536, 560, 584, 608, 609, 632, 633, 656, 657, 668, 670, 674, 680, 681, 690, 692, 694, 704, 705, 714, 716, 728, 729, 746, 752, 753, 759, 762, 764, 766, 776, 777, 786, 790, 800, 801, 824, 825, 834, 836, 838, 848, 849, 858, 860, 862, 872, 873, 882, 896, 897, 906, 920, 921, 944, 954, 956, 968, 969, 978, 980, 992, 1002, 1016, 1028, 1040, 1054, 1088, 1112, 1136, 1160, 1161, 1208, 1222, 1232, 1242, 1256, 1280, 1298, 1304, 1305, 1314, 1318, 1328, 1338, 1352, 1353, 1362, 1376, 1377, 1400, 1401, 1414, 1424, 1434, 1448, 1449, 1458, 1460, 1472, 1473, 1482, 1486, 1520, 1521, 1530, 1531, 1532, 1534, 1545, 1554, 1568, 1569, 1580, 1586, 1592, 1593, 1602, 1604, 1606, 1616, 1617, 1626, 1628, 1630, 1640, 1651, 1652, 1658, 1664, 1665, 1674, 1678, 1682, 1688, 1689, 1695, 1698, 1702, 1706, 1712, 1713, 1722, 1724, 1726, 1730, 1736, 1737, 1743, 1746, 1754, 1760, 1761, 1778, 1784, 1785, 1794, 1798, 1802, 1808, 1809, 1818, 1820, 1822, 1832, 1833, 1850, 1856, 1857, 1866, 1867, 1868, 1870, 1874, 1880, 1890, 1892, 1904, 1905, 1914, 1916, 1918, 1922, 1928, 1929, 1938, 1939, 1942, 1946, 1952, 1953, 1962, 1966, 1976, 1977, 1986, 1987, 1988, 2000, 2010, 2012, 2018, 2024, 2048, 2058, 2059, 2062, 2072, 2082, 2096, 2097, 2120, 2144, 2168, 2169, 2192, 2193, 2216, 2217, 2240, 2264, 2288, 2298, 2312, 2336, 2360, 2384, 2385, 2408, 2432, 2456, 2480, 2481, 2504, 2505, 2514, 2528, 2529, 2546, 2552, 2553, 2559, 2562, 2576, 2577, 2600, 2601, 2610, 2624, 2648, 2649, 2666, 2672, 2673, 2682, 2696, 2697, 2703, 2706, 2720, 2721, 2730, 2732, 2768, 2769, 2786, 2792, 2802, 2806, 2816, 2817, 2840, 2841, 2865]
Feature Cluster 2: [7, 11, 12, 13, 14, 23, 31, 35, 36, 37, 38, 49, 55, 59, 60, 62, 73, 75, 79, 84, 85, 86, 103, 107, 108, 109, 110, 127, 131, 132, 133, 134, 151, 155, 156, 157, 158, 175, 179, 180, 181, 182, 193, 199, 203, 204, 205, 206, 217, 223, 227, 228, 229, 230, 247, 252, 253, 254, 271, 275, 276, 277, 278, 295, 299, 300, 301, 302, 319, 324, 325, 326, 343, 348, 349, 350, 361, 367, 371, 373, 374, 391, 396, 397, 398, 415, 420, 422, 439, 444, 446, 463, 467, 468, 469, 470, 487, 492, 493, 494, 511, 515, 516, 517, 518, 535, 540, 541, 542, 559, 563, 564, 565, 566, 583, 587, 588, 589, 590, 607, 611, 612, 613, 614, 631, 635, 636, 637, 638, 655, 659, 660, 661, 662, 679, 683, 684, 685, 686, 703, 707, 708, 709, 710, 727, 731, 732, 733, 734, 751, 755, 756, 757, 758, 775, 779, 780, 781, 782, 799, 803, 804, 805, 806, 823, 827, 828, 829, 830, 847, 851, 852, 853, 854, 871, 875, 876, 877, 878, 895, 899, 900, 901, 902, 919, 923, 924, 925, 926, 943, 947, 948, 949, 950, 967, 971, 972, 973, 974, 991, 995, 996, 997, 998, 1015, 1019, 1020, 1021, 1022, 1039, 1043, 1044, 1045, 1046, 1063, 1067, 1068, 1069, 1070, 1087, 1091, 1092, 1093, 1094, 1111, 1115, 1116, 1117, 1118, 1135, 1139, 1140, 1141, 1142, 1159, 1163, 1164, 1165, 1166, 1183, 1187, 1188, 1189, 1190, 1207, 1211, 1212, 1213, 1214, 1231, 1235, 1236, 1237, 1238, 1255, 1259, 1260, 1261, 1262, 1279, 1283, 1284, 1285, 1286, 1303, 1307, 1308, 1309, 1310, 1327, 1331, 1332, 1333, 1334, 1351, 1355, 1356, 1357, 1358, 1375, 1379, 1380, 1381, 1382, 1399, 1403, 1404, 1405, 1406, 1423, 1427, 1428, 1429, 1430, 1447, 1451, 1452, 1453, 1454, 1465, 1471, 1475, 1476, 1477, 1478, 1489, 1495, 1499, 1500, 1501, 1502, 1519, 1523, 1524, 1525, 1526, 1543, 1547, 1548, 1549, 1550, 1561, 1567, 1571, 1572, 1573, 1574, 1591, 1595, 1596, 1597, 1598, 1609, 1615, 1619, 1620, 1621, 1622, 1639, 1643, 1644, 1645, 1646, 1663, 1667, 1668, 1669, 1670, 1687, 1691, 1692, 1693, 1694, 1711, 1715, 1716, 1717, 1718, 1731, 1735, 1739, 1740, 1741, 1742, 1753, 1759, 1763, 1764, 1765, 1766, 1779, 1783, 1787, 1788, 1789, 1790, 1807, 1811, 1812, 1813, 1814, 1827, 1831, 1835, 1836, 1837, 1838, 1855, 1859, 1860, 1861, 1862, 1879, 1883, 1884, 1885, 1886, 1897, 1899, 1903, 1906, 1907, 1908, 1909, 1910, 1927, 1931, 1932, 1933, 1934, 1945, 1951, 1955, 1956, 1957, 1958, 1975, 1979, 1980, 1981, 1982, 1999, 2003, 2004, 2005, 2006, 2023, 2027, 2028, 2029, 2030, 2047, 2051, 2052, 2053, 2054, 2071, 2075, 2076, 2077, 2078, 2095, 2099, 2100, 2101, 2102, 2119, 2123, 2124, 2125, 2126, 2143, 2147, 2148, 2149, 2150, 2167, 2171, 2172, 2173, 2174, 2191, 2195, 2196, 2197, 2198, 2215, 2219, 2220, 2221, 2222, 2239, 2243, 2244, 2245, 2246, 2263, 2267, 2268, 2269, 2270, 2287, 2291, 2292, 2293, 2294, 2311, 2315, 2316, 2317, 2318, 2335, 2339, 2340, 2341, 2342, 2359, 2363, 2364, 2365, 2366, 2383, 2387, 2388, 2389, 2390, 2407, 2411, 2412, 2413, 2414, 2431, 2435, 2436, 2437, 2438, 2455, 2459, 2460, 2461, 2462, 2479, 2483, 2484, 2485, 2486, 2503, 2506, 2507, 2508, 2509, 2510, 2527, 2530, 2531, 2532, 2533, 2534, 2551, 2554, 2555, 2556, 2557, 2558, 2575, 2578, 2579, 2580, 2581, 2582, 2599, 2603, 2604, 2605, 2606, 2623, 2627, 2628, 2629, 2630, 2647, 2651, 2652, 2653, 2654, 2671, 2675, 2676, 2677, 2678, 2689, 2695, 2699, 2700, 2701, 2702, 2719, 2723, 2724, 2725, 2726, 2743, 2747, 2748, 2749, 2750, 2761, 2767, 2771, 2772, 2773, 2774, 2785, 2791, 2795, 2796, 2797, 2798, 2809, 2815, 2819, 2820, 2821, 2822, 2839, 2843, 2844, 2845, 2846, 2857, 2863, 2867, 2868, 2869, 2870]
Feature Cluster 3: [47, 71, 95, 119, 143, 167, 191, 215, 239, 263, 287, 311, 335, 359, 383, 407, 431, 455, 479, 503, 527, 551, 575, 599, 623, 647, 671, 695, 719, 743, 767, 791, 815, 839, 863, 887, 911, 935, 959, 983, 1007, 1031, 1055, 1079, 1103, 1127, 1151, 1175, 1199, 1223, 1247, 1271, 1295, 1319, 1343, 1367, 1391, 1415, 1439, 1463, 1487, 1511, 1535, 1559, 1583, 1607, 1631, 1655, 1679, 1703, 1727, 1751, 1775, 1799, 1823, 1847, 1871, 1895, 1919, 1943, 1967, 1991, 2015, 2039, 2063, 2087, 2111, 2135, 2159, 2183, 2207, 2231, 2255, 2279, 2303, 2327, 2351, 2375, 2399, 2423, 2447, 2471, 2495, 2519, 2543, 2567, 2591, 2615, 2639, 2663, 2687, 2711, 2735, 2759, 2783, 2807, 2831, 2855, 2879]
Feature Cluster 4: [0, 3, 6, 10, 24, 25, 27, 29, 34, 48, 51, 52, 53, 54, 58, 61, 72, 82, 83, 96, 97, 99, 102, 106, 120, 121, 123, 130, 144, 145, 147, 154, 168, 169, 171, 178, 192, 195, 198, 202, 216, 219, 226, 240, 241, 243, 250, 251, 264, 265, 267, 274, 288, 289, 291, 298, 312, 313, 315, 322, 323, 336, 337, 339, 346, 347, 360, 363, 370, 372, 384, 385, 387, 394, 395, 408, 409, 411, 418, 419, 421, 432, 433, 435, 442, 443, 445, 456, 457, 459, 466, 480, 481, 483, 490, 491, 504, 505, 507, 514, 528, 529, 531, 538, 539, 552, 553, 555, 562, 579, 586, 600, 603, 610, 624, 627, 634, 651, 658, 675, 682, 699, 706, 747, 792, 793, 795, 802, 816, 817, 819, 826, 840, 843, 850, 874, 888, 898, 915, 922, 939, 946, 963, 970, 984, 987, 994, 1008, 1009, 1011, 1018, 1032, 1033, 1035, 1042, 1056, 1057, 1059, 1066, 1080, 1081, 1083, 1090, 1104, 1105, 1107, 1114, 1131, 1138, 1152, 1155, 1162, 1179, 1186, 1201, 1203, 1210, 1225, 1227, 1248, 1249, 1251, 1275, 1282, 1321, 1323, 1330, 1354, 1378, 1402, 1416, 1417, 1419, 1426, 1440, 1441, 1443, 1450, 1464, 1467, 1474, 1488, 1491, 1498, 1512, 1513, 1515, 1522, 1536, 1537, 1539, 1546, 1560, 1563, 1570, 1585, 1587, 1594, 1608, 1611, 1618, 1632, 1633, 1635, 1642, 1666, 1683, 1690, 1714, 1755, 1810, 1978, 2019, 2026, 2067, 2074, 2089, 2098, 2115, 2122, 2139, 2211, 2232, 2235, 2242, 2256, 2259, 2266, 2283, 2290, 2304, 2307, 2331, 2338, 2424, 2427, 2434, 2458, 2499, 2523, 2592, 2593, 2595, 2602, 2616, 2626, 2640, 2643, 2650, 2667, 2698, 2739, 2794, 2833, 2835, 2859]
Feature Cluster 5: [16, 17, 39, 40, 41, 64, 65, 88, 89, 113, 136, 137, 161, 185, 209, 232, 233, 256, 257, 279, 280, 281, 305, 328, 329, 353, 377, 400, 401, 424, 425, 447, 448, 449, 472, 473, 496, 497, 519, 520, 521, 522, 543, 544, 545, 567, 569, 593, 617, 641, 665, 689, 713, 737, 761, 785, 809, 833, 857, 881, 904, 905, 929, 953, 975, 977, 999, 1000, 1001, 1025, 1049, 1071, 1072, 1073, 1076, 1096, 1097, 1119, 1120, 1121, 1145, 1167, 1168, 1169, 1191, 1193, 1194, 1216, 1217, 1239, 1240, 1241, 1263, 1264, 1265, 1287, 1288, 1289, 1312, 1313, 1337, 1359, 1361, 1383, 1385, 1409, 1431, 1433, 1457, 1481, 1490, 1504, 1505, 1506, 1529, 1553, 1577, 1601, 1625, 1649, 1673, 1697, 1721, 1745, 1769, 1793, 1817, 1841, 1865, 1889, 1913, 1937, 1961, 1985, 2009, 2033, 2057, 2081, 2105, 2129, 2153, 2177, 2199, 2201, 2223, 2225, 2248, 2249, 2271, 2272, 2273, 2295, 2296, 2297, 2320, 2321, 2344, 2345, 2369, 2393, 2417, 2426, 2441, 2465, 2489, 2513, 2537, 2561, 2585, 2609, 2632, 2633, 2657, 2681, 2705, 2729, 2751, 2752, 2753, 2776, 2777, 2801, 2825, 2847, 2849, 2871, 2873]
Feature Cluster 6: [1, 4, 5, 21, 28, 30, 45, 69, 76, 77, 78, 93, 100, 101, 117, 124, 125, 126, 141, 148, 149, 150, 165, 172, 173, 174, 189, 196, 197, 213, 220, 221, 222, 237, 244, 245, 246, 261, 268, 269, 270, 285, 292, 293, 294, 309, 316, 317, 333, 340, 342, 357, 364, 365, 366, 381, 388, 389, 390, 412, 414, 429, 436, 437, 438, 453, 461, 462, 477, 484, 486, 508, 510, 525, 532, 534, 549, 556, 558, 576, 577, 582, 601, 604, 605, 606, 625, 630, 648, 649, 672, 673, 696, 697, 702, 720, 721, 723, 730, 744, 745, 754, 768, 769, 771, 778, 798, 822, 841, 846, 864, 865, 867, 889, 891, 912, 913, 936, 937, 960, 961, 985, 1060, 1084, 1128, 1129, 1153, 1176, 1177, 1182, 1200, 1206, 1224, 1230, 1234, 1258, 1272, 1273, 1296, 1297, 1299, 1306, 1320, 1344, 1345, 1347, 1368, 1369, 1371, 1392, 1393, 1395, 1494, 1518, 1540, 1542, 1564, 1584, 1588, 1590, 1605, 1612, 1614, 1629, 1636, 1638, 1656, 1657, 1659, 1680, 1681, 1704, 1705, 1707, 1728, 1729, 1738, 1752, 1758, 1762, 1776, 1777, 1786, 1800, 1801, 1803, 1824, 1825, 1834, 1848, 1849, 1851, 1858, 1872, 1873, 1875, 1882, 1896, 1921, 1923, 1930, 1944, 1947, 1954, 1968, 1969, 1971, 1993, 1995, 2002, 2016, 2017, 2040, 2041, 2043, 2050, 2064, 2065, 2088, 2091, 2112, 2113, 2136, 2137, 2146, 2160, 2161, 2163, 2184, 2185, 2187, 2194, 2208, 2209, 2218, 2233, 2257, 2262, 2280, 2281, 2305, 2310, 2314, 2328, 2329, 2352, 2353, 2355, 2362, 2376, 2377, 2379, 2386, 2400, 2401, 2403, 2410, 2425, 2430, 2448, 2449, 2451, 2454, 2472, 2473, 2475, 2482, 2496, 2497, 2520, 2521, 2544, 2545, 2547, 2568, 2569, 2571, 2572, 2596, 2598, 2617, 2619, 2620, 2622, 2641, 2664, 2665, 2668, 2670, 2674, 2688, 2691, 2713, 2715, 2716, 2722, 2736, 2737, 2740, 2746, 2760, 2763, 2770, 2784, 2787, 2811, 2818, 2832, 2836, 2842, 2856, 2866]
Feature Cluster 7: [19, 26, 33, 42, 43, 50, 57, 63, 66, 67, 68, 81, 91, 94, 115, 116, 118, 139, 140, 142, 164, 187, 190, 194, 207, 208, 210, 211, 212, 214, 224, 231, 235, 238, 249, 259, 262, 266, 273, 282, 283, 284, 286, 296, 303, 304, 307, 308, 310, 321, 327, 331, 332, 334, 355, 356, 358, 403, 416, 426, 427, 428, 430, 450, 451, 452, 454, 475, 499, 500, 502, 523, 524, 526, 530, 537, 546, 547, 548, 550, 570, 571, 572, 574, 595, 596, 598, 618, 619, 620, 622, 643, 644, 646, 666, 667, 691, 718, 738, 739, 740, 763, 788, 811, 812, 859, 883, 886, 907, 910, 932, 934, 945, 979, 982, 1006, 1027, 1041, 1051, 1052, 1075, 1078, 1089, 1099, 1100, 1102, 1113, 1123, 1124, 1126, 1137, 1144, 1146, 1147, 1148, 1150, 1170, 1171, 1172, 1174, 1184, 1195, 1196, 1198, 1218, 1219, 1220, 1233, 1243, 1244, 1246, 1257, 1266, 1267, 1268, 1270, 1281, 1290, 1291, 1292, 1294, 1311, 1315, 1316, 1329, 1335, 1339, 1340, 1342, 1363, 1364, 1366, 1387, 1388, 1407, 1408, 1410, 1411, 1412, 1418, 1425, 1435, 1436, 1438, 1455, 1459, 1483, 1484, 1496, 1497, 1503, 1507, 1508, 1510, 1527, 1544, 1555, 1556, 1558, 1579, 1582, 1599, 1603, 1641, 1650, 1654, 1675, 1676, 1699, 1700, 1723, 1747, 1748, 1750, 1767, 1770, 1771, 1772, 1774, 1791, 1792, 1795, 1796, 1819, 1842, 1843, 1844, 1846, 1881, 1891, 1894, 1915, 1940, 1963, 1964, 1990, 2025, 2035, 2036, 2038, 2060, 2073, 2083, 2084, 2086, 2106, 2107, 2108, 2131, 2134, 2138, 2145, 2154, 2155, 2156, 2158, 2178, 2179, 2180, 2182, 2202, 2203, 2204, 2226, 2227, 2228, 2230, 2250, 2251, 2252, 2265, 2274, 2275, 2278, 2282, 2289, 2299, 2300, 2302, 2319, 2322, 2323, 2324, 2326, 2330, 2337, 2347, 2348, 2350, 2354, 2361, 2367, 2370, 2371, 2372, 2374, 2378, 2394, 2395, 2396, 2398, 2418, 2419, 2420, 2443, 2444, 2446, 2450, 2457, 2463, 2466, 2467, 2468, 2488, 2490, 2491, 2492, 2494, 2515, 2516, 2522, 2538, 2539, 2540, 2542, 2563, 2564, 2566, 2587, 2588, 2590, 2608, 2611, 2612, 2614, 2618, 2625, 2634, 2635, 2636, 2638, 2655, 2658, 2659, 2660, 2662, 2679, 2683, 2684, 2686, 2707, 2708, 2731, 2734, 2745, 2754, 2755, 2756, 2758, 2778, 2779, 2780, 2782, 2793, 2799, 2803, 2804, 2826, 2827, 2828, 2830, 2834, 2851, 2852, 2854, 2858, 2864, 2874, 2875, 2876, 2878]
Feature Cluster 8: [2, 15, 18, 22, 70, 74, 87, 98, 111, 112, 122, 135, 146, 159, 160, 170, 183, 184, 218, 242, 255, 258, 260, 290, 306, 314, 330, 338, 351, 352, 362, 368, 375, 376, 378, 379, 380, 382, 386, 393, 399, 402, 404, 406, 410, 417, 423, 434, 440, 441, 458, 464, 471, 476, 482, 495, 498, 506, 513, 554, 561, 568, 578, 585, 591, 592, 594, 602, 615, 616, 626, 639, 640, 642, 650, 663, 664, 687, 688, 698, 711, 712, 715, 722, 735, 736, 742, 760, 770, 783, 784, 787, 794, 807, 808, 810, 814, 818, 831, 832, 835, 842, 855, 856, 866, 879, 880, 884, 890, 903, 908, 914, 927, 928, 930, 931, 938, 951, 952, 955, 958, 962, 976, 986, 993, 1003, 1004, 1010, 1017, 1023, 1024, 1026, 1030, 1034, 1047, 1048, 1050, 1058, 1064, 1065, 1074, 1082, 1095, 1098, 1106, 1122, 1130, 1143, 1154, 1178, 1185, 1192, 1202, 1209, 1215, 1226, 1250, 1274, 1322, 1336, 1346, 1360, 1370, 1384, 1386, 1390, 1394, 1432, 1442, 1456, 1462, 1466, 1479, 1480, 1514, 1528, 1538, 1551, 1552, 1562, 1575, 1576, 1578, 1600, 1610, 1623, 1624, 1627, 1634, 1647, 1648, 1671, 1672, 1696, 1719, 1720, 1744, 1768, 1815, 1816, 1826, 1839, 1840, 1863, 1864, 1887, 1888, 1898, 1911, 1912, 1935, 1936, 1959, 1960, 1970, 1983, 1984, 1994, 2001, 2007, 2008, 2011, 2014, 2031, 2032, 2034, 2042, 2049, 2055, 2056, 2066, 2079, 2080, 2090, 2103, 2104, 2110, 2114, 2121, 2127, 2128, 2130, 2132, 2151, 2152, 2162, 2175, 2176, 2186, 2200, 2206, 2210, 2224, 2234, 2241, 2247, 2254, 2258, 2276, 2306, 2313, 2343, 2346, 2368, 2391, 2392, 2402, 2409, 2415, 2416, 2422, 2433, 2439, 2440, 2442, 2464, 2470, 2474, 2487, 2498, 2511, 2512, 2518, 2535, 2536, 2560, 2570, 2583, 2584, 2586, 2594, 2607, 2631, 2642, 2656, 2680, 2690, 2704, 2710, 2714, 2727, 2728, 2738, 2744, 2762, 2775, 2800, 2810, 2823, 2824, 2848, 2850, 2872]
