Cluster 1: [0, 2, 4, 14, 21, 26, 53, 61, 63, 82, 88, 89, 91, 96, 101, 106, 113, 114, 136, 149, 156, 160, 161, 164]
Cluster 2: [8, 20, 23, 24, 30, 31, 32, 33, 48, 50, 51, 57, 59, 62, 69, 71, 74, 83, 85, 97, 99, 102, 103, 104, 108, 109, 117, 120, 122, 123, 130, 131, 140, 141, 143, 146, 147, 159, 167, 170, 172, 174, 175, 176, 177]
Cluster 3: [9, 11, 17, 28, 29, 34, 35, 44, 49, 64, 72, 77, 79, 87, 94, 111, 118, 124, 125, 127, 133, 151, 162, 171]
Cluster 4: [1, 3, 10, 12, 25, 27, 37, 41, 42, 47, 55, 65, 66, 68, 70, 75, 76, 86, 92, 93, 98, 107, 110, 116, 121, 128, 132, 134, 135, 144, 150, 153, 155, 157, 158, 166, 168, 169, 178]
Cluster 5: [39, 90]
Cluster 6: [5, 6, 7, 13, 16, 18, 19, 22, 38, 40, 43, 46, 52, 54, 56, 58, 73, 80, 81, 84, 95, 100, 112, 119, 126, 129, 137, 138, 139, 142, 145, 152, 173]
Cluster 7: [15, 36, 45, 60, 67, 78, 105, 115, 148, 154, 163, 165, 179]
Cluster 1: [7, 11, 12, 13, 14]
Cluster 2: [2, 9, 15, 18, 19, 20, 22]
Cluster 3: [17]
Cluster 4: [23]
Cluster 5: [16]
Cluster 6: [4, 5, 6, 21]
Cluster 7: [0, 1, 3, 8, 10]
