Cluster 1: [43, 47, 53, 60, 74, 114, 120, 132, 148, 156, 172, 176]
Cluster 1: [9, 11, 14, 38]
Cluster 2: [6, 10, 16, 30, 36, 45, 48, 67, 78, 99, 102, 126, 154, 157, 164]
Cluster 2: [15, 18, 25, 54, 58]
Cluster 3: [7, 8, 14, 25, 26, 33, 34, 51, 70, 75, 84, 103, 107, 116, 117, 125, 129, 130, 131, 133, 147, 158, 159, 167, 177]
Cluster 3: [1, 2, 5, 12, 17, 21, 31, 35, 45, 50, 53, 60]
Cluster 4: [2, 19, 28, 29, 42, 55, 56, 57, 62, 65, 69, 73, 80, 86, 94, 96, 97, 104, 109, 122, 128, 166, 180]
Cluster 4: [10, 26, 42, 43, 48, 52, 55, 56, 57]
Cluster 5: [1, 11, 15, 21, 41, 58, 63, 71, 76, 82, 83, 87, 90, 93, 95, 119, 124, 135, 136, 141, 144, 163, 175]
Cluster 5: [29]
Cluster 6: [5, 9, 13, 35, 49, 54, 88, 111, 138, 145, 146, 169, 174, 178, 179]
Cluster 6: [7, 13, 16, 20, 24, 33, 40]
Cluster 7: [12, 17, 31, 44, 64, 68, 81, 85, 112, 113, 150, 155, 160, 161, 170, 171, 173]
Cluster 7: [8, 19, 34, 41]
Cluster 8: [3, 27, 32, 39, 46, 72, 77, 105, 108, 140, 143, 152, 153]
Cluster 8: [3, 22, 30, 32, 36, 37, 44, 46, 47, 49]
Cluster 9: [18, 22, 23, 24, 38, 40, 59, 61, 89, 100, 110, 115, 118, 121, 127, 139, 142, 149, 151, 165]
Cluster 9: [4, 6, 27, 39, 51]
Cluster 10: [4, 20, 37, 50, 52, 66, 79, 91, 92, 98, 101, 106, 123, 134, 137, 162, 168]
Cluster 10: [23, 28, 59]
