Cluster 1: [24, 33, 56, 57, 58, 69, 71, 74, 83, 102, 103, 104, 109, 130, 140, 141, 142, 143, 145, 167, 170, 174, 176, 177]
Cluster 2: [0, 82, 91, 113]
Cluster 3: [1, 10, 12, 16, 25, 37, 43, 55, 68, 81, 107, 110, 126, 128, 138, 144, 153, 166, 169, 178]
Cluster 4: [9, 11, 17, 28, 29, 34, 44, 49, 64, 72, 79, 87, 94, 111, 124, 127, 133, 151, 171]
Cluster 5: [2, 3, 4, 14, 21, 26, 27, 41, 53, 61, 63, 65, 75, 88, 89, 92, 96, 101, 106, 114, 116, 134, 135, 136, 149, 155, 156, 157, 160, 161, 164]
Cluster 6: [5, 6, 7, 13, 18, 19, 22, 38, 40, 42, 46, 47, 52, 54, 66, 70, 73, 76, 80, 84, 86, 93, 95, 98, 100, 112, 119, 121, 129, 132, 137, 139, 150, 152, 158, 168, 173]
Cluster 7: [15, 36, 45, 60, 67, 78, 105, 115, 118, 125, 148, 154, 163, 165, 179]
Cluster 8: [39, 90]
Cluster 9: [8, 20, 23, 30, 31, 32, 35, 48, 50, 51, 59, 62, 77, 85, 97, 99, 108, 117, 120, 122, 123, 131, 146, 147, 159, 162, 172, 175]
Cluster 1: [7, 11, 12, 13, 14]
Cluster 2: [19, 20, 22]
Cluster 3: [4, 5, 6, 21]
Cluster 4: [16]
Cluster 5: [23]
Cluster 6: [8, 9, 18]
Cluster 7: [17]
Cluster 8: [0, 1, 3, 10]
Cluster 9: [2, 15]
