Cluster 1: [3, 4, 5, 7, 14, 25, 26, 27, 42, 72, 75, 86, 91, 92, 97, 106, 107, 108, 117, 123, 129, 130, 137, 138, 141, 161, 167, 171, 172, 178, 179]
Cluster 1: [1, 2, 7, 34, 35, 36, 45, 53, 59, 60]
Cluster 2: [6, 10, 16, 30, 36, 43, 45, 47, 53, 67, 74, 78, 99, 102, 114, 120, 122, 126, 132, 156, 157, 164, 174, 176]
Cluster 2: [14, 15, 18, 25, 38, 54, 58]
Cluster 3: [18, 20, 31, 54, 56, 57, 62, 64, 73, 89, 104, 110, 112, 118, 127, 139, 151, 155, 177]
Cluster 3: [19, 23, 31, 48, 51]
Cluster 4: [2, 17, 19, 22, 29, 44, 55, 60, 65, 69, 77, 81, 83, 85, 94, 96, 109, 119, 136, 150, 154, 160, 166, 170]
Cluster 4: [8, 9, 11, 26, 30, 42, 44, 52, 55]
Cluster 5: [24, 33, 35, 38, 39, 40, 51, 59, 61, 70, 80, 84, 100, 103, 133, 147, 159, 180]
Cluster 5: [4, 6, 12, 21, 50]
Cluster 6: [9, 12, 13, 46, 68, 105, 111, 113, 115, 140, 143, 148, 149, 152, 153, 158, 173]
Cluster 6: [3, 20, 22, 24, 32, 33, 37, 41, 43, 49]
Cluster 7: [8, 23, 32, 34, 37, 49, 50, 52, 66, 71, 79, 87, 88, 98, 101, 121, 128, 134, 142, 144, 145, 146, 162, 163, 165, 168, 169]
Cluster 7: [5, 10, 13, 16, 17, 27, 28, 39, 40, 47, 56]
Cluster 8: [1, 11, 15, 21, 28, 41, 48, 58, 63, 76, 82, 90, 93, 95, 116, 124, 125, 131, 135, 175]
Cluster 8: [29, 46, 57]
