Cluster 1: [2, 3, 4, 17, 18, 19, 27, 29, 31, 43, 44, 47, 52, 57, 60, 64, 69, 70, 73, 81, 83, 91, 92, 94, 96, 97, 104, 109, 112, 120, 123, 129, 136, 139, 150, 155, 159, 160, 161, 166, 170, 171, 172, 177]
Cluster 1: [2, 9, 14, 19, 23, 31, 34, 36, 42, 48, 51]
Cluster 2: [6, 22, 23, 24, 33, 34, 38, 40, 55, 56, 59, 61, 62, 80, 89, 100, 103, 105, 110, 115, 118, 121, 128, 133, 147, 149, 151, 165, 180]
Cluster 2: [4, 12, 21, 27, 43, 50, 52, 56]
Cluster 3: [1, 5, 7, 14, 16, 25, 26, 28, 35, 42, 45, 51, 54, 65, 72, 75, 76, 84, 86, 90, 106, 107, 116, 117, 122, 125, 126, 130, 131, 132, 137, 138, 141, 148, 158, 167, 176, 178, 179]
Cluster 3: [1, 5, 6, 7, 13, 18, 24, 25, 26, 35, 38, 45, 53, 55, 60]
Cluster 4: [8, 10, 11, 15, 20, 30, 36, 37, 49, 50, 58, 66, 67, 71, 74, 78, 79, 82, 87, 88, 93, 95, 98, 99, 101, 102, 114, 124, 127, 134, 135, 142, 144, 145, 146, 156, 157, 162, 163, 164, 168, 174]
Cluster 4: [10, 15, 16, 17, 28, 29, 39, 40, 54, 57, 58, 59]
Cluster 5: [9, 12, 13, 21, 32, 39, 41, 46, 48, 53, 63, 68, 77, 85, 108, 111, 113, 119, 140, 143, 152, 153, 154, 169, 173, 175]
Cluster 5: [3, 8, 11, 20, 22, 30, 32, 33, 37, 41, 44, 46, 47, 49]
