Individual Cluster 0: [0, 2, 3, 4, 12, 14, 21, 26, 27, 41, 53, 61, 63, 75, 82, 88, 89, 91, 92, 96, 101, 106, 107, 113, 114, 116, 135, 136, 144, 149, 156, 157, 160, 161, 164, 169]
Individual Cluster 1: [8, 20, 23, 24, 30, 31, 32, 33, 38, 48, 51, 56, 57, 58, 59, 62, 69, 71, 74, 83, 85, 97, 99, 100, 102, 103, 104, 108, 109, 117, 122, 123, 130, 131, 140, 141, 142, 143, 145, 146, 147, 159, 167, 170, 172, 174, 175, 176, 177]
Individual Cluster 2: [15, 39, 45, 67, 78, 90, 105, 154, 179]
Individual Cluster 3: [9, 11, 17, 28, 29, 34, 35, 36, 44, 49, 50, 60, 64, 72, 77, 79, 87, 94, 111, 115, 118, 120, 124, 125, 127, 133, 148, 151, 162, 163, 165, 171]
Individual Cluster 4: [1, 5, 6, 7, 10, 13, 16, 18, 19, 22, 25, 37, 40, 42, 43, 46, 47, 52, 54, 55, 65, 66, 68, 70, 73, 76, 80, 81, 84, 86, 93, 95, 98, 110, 112, 119, 121, 126, 128, 129, 132, 134, 137, 138, 139, 150, 152, 153, 155, 158, 166, 168, 173, 178]
Feature Cluster 0: [7, 11, 12, 13, 14]
Feature Cluster 1: [0, 1, 2, 3, 8, 9, 10, 15, 18, 19, 20, 22]
Feature Cluster 2: [23]
Feature Cluster 3: [16, 17]
Feature Cluster 4: [4, 5, 6, 21]
