Cluster 1: [1, 10, 12, 16, 27, 37, 43, 47, 55, 65, 68, 81, 86, 107, 110, 116, 126, 128, 134, 144, 153, 157, 158, 166, 168, 169, 178]
Cluster 2: [9, 11, 28, 29, 34, 44, 49, 64, 72, 79, 87, 94, 111]
Cluster 3: [15, 36, 45, 60, 67, 78, 105, 115, 118, 133, 148, 154, 163, 165, 179]
Cluster 4: [69, 71, 74, 99, 103, 104, 109, 124, 127, 130, 141, 143, 146, 170, 171, 177]
Cluster 5: [2, 3, 4, 14, 21, 26, 41, 53, 61, 63, 75, 88, 89, 92, 96, 101, 106, 114, 135, 136, 149, 155, 156, 160, 161, 164]
Cluster 6: [8, 17, 20, 23, 30, 31, 35, 48, 50, 51, 59, 62, 77, 108, 117, 120, 123, 125, 147, 151, 162]
Cluster 7: [5, 6, 7, 13, 18, 19, 22, 25, 38, 40, 42, 46, 52, 54, 66, 70, 73, 76, 80, 84, 85, 93, 95, 98, 112, 119, 121, 129, 132, 137, 138, 139, 150, 152, 173]
Cluster 8: [0, 82, 91, 113]
Cluster 9: [24, 32, 33, 56, 57, 58, 83, 97, 100, 102, 122, 131, 140, 142, 145, 159, 167, 172, 174, 175, 176]
Cluster 10: [39, 90]
Cluster 1: [7, 11, 12, 13, 14]
Cluster 2: [19, 20, 22]
Cluster 3: [4, 5, 6, 21]
Cluster 4: [16]
Cluster 5: [23]
Cluster 6: [8, 9, 18]
Cluster 7: [17]
Cluster 8: [1, 3]
Cluster 9: [2, 15]
Cluster 10: [0, 10]
