Individual Cluster 0: [1, 12, 16, 27, 37, 41, 43, 47, 55, 65, 68, 81, 86, 107, 110, 116, 126, 128, 134, 144, 153, 155, 157, 158, 166, 168, 169, 178]
Individual Cluster 1: [8, 20, 23, 30, 31, 32, 35, 48, 50, 51, 59, 62, 77, 85, 97, 108, 117, 120, 122, 123, 125, 140, 146, 147, 159, 162, 172, 175]
Individual Cluster 2: [5, 6, 7, 10, 13, 18, 19, 22, 25, 38, 40, 42, 46, 52, 54, 66, 70, 73, 76, 80, 84, 93, 95, 98, 100, 112, 119, 121, 129, 131, 132, 137, 138, 139, 150, 152, 173]
Individual Cluster 3: [15, 36, 45, 60, 67, 78, 105, 115, 118, 148, 154, 163, 165, 179]
Individual Cluster 4: [0, 2, 3, 4, 14, 21, 26, 53, 61, 63, 75, 82, 88, 89, 91, 92, 96, 101, 106, 113, 114, 135, 136, 149, 156, 160, 161, 164]
Individual Cluster 5: [39, 90]
Individual Cluster 6: [9, 11, 17, 28, 29, 34, 44, 49, 64, 72, 79, 87, 94, 111, 124, 127, 133, 151, 171]
Individual Cluster 7: [24, 33, 56, 57, 58, 69, 71, 74, 83, 99, 102, 103, 104, 109, 130, 141, 142, 143, 145, 167, 170, 174, 176, 177]
Feature Cluster 0: [7, 11, 12, 13, 14]
Feature Cluster 1: [19, 20, 22]
Feature Cluster 2: [4, 5, 6, 21]
Feature Cluster 3: [16]
Feature Cluster 4: [23]
Feature Cluster 5: [2, 8, 9, 15, 18]
Feature Cluster 6: [17]
Feature Cluster 7: [0, 1, 3, 10]
