Individual Cluster 0: [8, 20, 23, 24, 30, 31, 32, 33, 38, 48, 51, 56, 57, 59, 62, 69, 71, 74, 83, 85, 97, 99, 100, 102, 103, 104, 108, 109, 117, 120, 122, 123, 130, 131, 140, 141, 142, 143, 146, 147, 159, 167, 170, 172, 174, 175, 176, 177]
Individual Cluster 1: [1, 2, 3, 4, 12, 14, 21, 27, 37, 41, 47, 61, 63, 65, 75, 92, 96, 101, 107, 114, 116, 134, 135, 136, 144, 153, 155, 156, 157, 158, 160, 169]
Individual Cluster 2: [9, 11, 17, 28, 29, 34, 35, 44, 49, 50, 64, 72, 77, 79, 87, 94, 111, 118, 124, 125, 127, 133, 148, 151, 162, 171]
Individual Cluster 3: [15, 36, 39, 45, 60, 67, 78, 90, 105, 115, 154, 163, 165, 179]
Individual Cluster 4: [5, 6, 7, 10, 13, 16, 18, 19, 22, 25, 40, 42, 43, 46, 52, 54, 55, 58, 66, 68, 70, 73, 76, 80, 81, 84, 86, 93, 95, 98, 110, 112, 119, 121, 126, 128, 129, 132, 137, 138, 139, 145, 150, 152, 166, 168, 173, 178]
Individual Cluster 5: [0, 26, 53, 82, 88, 89, 91, 106, 113, 149, 161, 164]
Feature Cluster 0: [0, 1, 3, 8, 10]
Feature Cluster 1: [23]
Feature Cluster 2: [4, 5, 6, 21]
Feature Cluster 3: [16, 17]
Feature Cluster 4: [7, 11, 12, 13, 14]
Feature Cluster 5: [2, 9, 15, 18, 19, 20, 22]
