Individual Cluster 1 [18, 24, 34, 38, 40, 51, 56, 57, 59, 61, 62, 70, 89, 100, 103, 118, 133, 139, 147, 151, 159, 180]
Feature Cluster 1 [4, 6, 12, 21, 50, 51, 55]
Individual Cluster 2 [1, 3, 7, 13, 28, 35, 39, 48, 68, 77, 84, 85, 105, 108, 111, 113, 119, 125, 130, 131, 143, 148, 152, 153, 158, 173, 175]
Feature Cluster 2 [3, 8, 20, 24, 30, 32, 33, 37, 41, 46, 47, 49]
Individual Cluster 3 [8, 11, 15, 20, 21, 41, 58, 63, 71, 74, 76, 82, 90, 93, 95, 98, 116, 124, 134, 135, 137, 156, 162, 164, 167]
Feature Cluster 3 [7, 23, 29, 54, 57, 58, 59]
Individual Cluster 4 [4, 12, 17, 25, 26, 31, 43, 44, 45, 47, 52, 53, 60, 64, 83, 91, 92, 104, 109, 112, 120, 123, 129, 155, 161, 170, 171, 172, 176]
Feature Cluster 4 [9, 11, 14, 19, 31, 34, 36, 38, 44]
Individual Cluster 5 [6, 9, 10, 22, 30, 32, 36, 46, 49, 50, 78, 79, 88, 99, 110, 121, 127, 140, 142, 145, 154, 157, 168, 169]
Feature Cluster 5 [15, 16, 22, 27, 28, 39, 40, 56]
Individual Cluster 6 [5, 14, 16, 23, 37, 42, 54, 66, 67, 72, 75, 86, 87, 102, 106, 107, 114, 117, 122, 126, 132, 138, 141, 174, 178, 179]
Feature Cluster 6 [1, 5, 13, 18, 25, 35, 53]
Individual Cluster 7 [2, 19, 27, 29, 33, 55, 65, 69, 73, 80, 81, 94, 96, 97, 101, 115, 128, 136, 144, 146, 149, 150, 160, 163, 165, 166, 177]
Feature Cluster 7 [2, 10, 17, 26, 42, 43, 45, 48, 52, 60]
